SALUD
 13
SALVADOR
 2,1
SE
 25,24,15,7,5,30,26,23,22,18,17,13,12,11,10,6,16,14,8,31,29,28,19,3,2
SEA
 13,8
SEAN
 26,23,22,18,17,12,11,10,6,5
SECCIÓN
 26,23,22,12,11,10,6,5
SEDE
 2,1
SEGÑÚN
 23
SEGÚN
 3,27,26,22,20,18,17,13,12,11,10,8,6,5
SELECCIONADA
 31,29,3
SELECCIONADO
 7,30,27,25,15,6,5
SELECCIONADOS
 31,8
SELECCIONAR
 25
SELECCIÓN
 24,19,8
SEMANA
 24
SEMANAL
 3
SENDERO
 2
SEPARADOS
 30
SER
 24,10,5,25,19,18,17,11,26,23,22,16,12,8,7,6
SERIE
 7
SERÁN
 12,7
SESION
 31,30,29,28,26,25,24,23,22,16,15,14,13,12,11,10,8,7,6,5,3
SEXO
 30
SI
 26,25,23,22,18,17,12,11
SIDO
 29,14
SIGLAS
 10
SIMULTÁNEAMENTE
 19
SISTEMA
 24,26,7,6,5,22,18,17,12,10,23,14,11,8,25,13,2,19,3,29,28,20,16,15,31,30,27,9,4,1
SITUACIÓN
 22,14
SOBRE
 28,30,29,25,7,31,26,24,23,22,16,15,14,13,12,11,10,8,6,5,2
SOLO
 25
SON
 26,23,22,18,17,12,11,10,6,5,24,19,14,7,2
SU
 28,13,10,4,2
SUS
 21,2
SUSPENDIDO
 22,14
