LA
 12,23,22,26,11,5,10,6,25,17,15,24,29,18,8,31,30,14,16,13,7,28,3,21,19,4,27,20,9,2
LABORES
 2
LAS
 24,14,30,16,29,15,12,8,7,31,28,26,23,22,21,20,17,13,6,5,2,27,25,19,18,11,10,9,4
LES
 8
LISTA
 30,25,28,31,20,19,10,29,24,18,17,15,14,11,8,7,5
LISTADO
 13
LISTAN
 7
LISTANDO
 14
LISTAR
 26,23,22,18,17,12,11,10,6,5
LISTAS
 29,31
LISTO
 24
LLENADOS
 26,23,22,18,17,12,11,10,6,5
LLENARAN
 15
LLEVA
 29
LLEVADAS
 30,27,21,9
LLEVADO
 22,14
LLEVAN
 30
LLEVAR
 2
LLEVE
 25
LO
 9
LOGEADO
 31,30,29,28,26,25,24,23,22,16,15,14,13,12,11,10,8,7,6,5,3
LOGIN
 5,31,30,29,28,26,25,24,23,22,16,15,14,13,12,11,10,8,7,6,4,3
LOS
 13,24,18,15,5,26,25,22,17,12,10,8,6,23,11,2,29,27,20,19,14,9,7,31,30,16,28,4
LUEGO
 6
